7514
7595
7510
7501
7500
16880
7522
7521
16883
18117
17521
36623/1
17520
17893C
17558
7507
17710
18537
7516
37008
37483
17591
18535
37155
15857
37958
17946
18825
17522
17336
17007
37477
17338
17541
16329
37964
37272
18536
37414
16955
37606
16150
37296
15815
37395
17835
17362
18158
16448
36623
18155
37553
37213
37422
37411
17148
17606
37861
16953
17640
18581
38967
17645
17937
17835C
18166
630072
18316
16876
17862
18539
17628
37533
17547
17524
37437
15706
35074
18165C
18603C
18604C
37361
37216
17525
35069
18643C
18033
37222
37563
37555
37165
16039
15703
37914
15810
15880
36881
17949
37790
16541
15411
37760
36114
521452
17732
17619
15704
17643
630071
17586
17730
18206
37568
17161
15779
35068
17976
18864
16954
16952
35073
16085
37105
18260
17893
37732
18179
17778
37288
37939
521451
17881
37280
18770
520832
37731
18194
37598
36009
36712
35030
17729
18409
18636
18722
37947
630841
520011
18035
37848
16659
17600
37904
17502
35018
18329
18435
17650
15962
520012
18637
18465
18032
18034
17866
37456
7502
17569
17523
17542C
37434
16881
37156
17656
35287
37478
18610C
18319
16099
16098
16882
16489
17981C
18561
35077
18133
36753
37961
17752
36580
17366
37146
37665
17742
17889
16924
18401
18396
35019
17013
16920
520831
37321
35138
37195
18142
15858
17788
37423
15953
17601
630842
17402
18208
17350
37562
36715
38702
18182
37872
18225
37416
18476
37202
17798
17865
37435
18444
37578
18527
17829
17357
37842
18458
17588
35153
36854
36678
37577
16291
15878
630852
630851
17605
35167
37584
17724
37149
18216
37625
37965
16422
37199
37546
17621
18525
16899
17758
37622
35020
37762
36824
18440
17890
17603
37789
17711
18261
37217
17991
35060
37700
17332
18338
17433
35001
18798
35064
18423
17094
17662
17757
17076
37966
18160C
36919
37764
18442
16292
17116
15315
37287
37588
37273
37905
37629
36950
37305
7607
728592
17017
17922
37887
18383
37595
37739
37021
421611
37922
728591
18384
16591
17712
17956
17924
37784
37561
37607
18135
37247
17369
17363
16453
17988
16192
18211
16450
17671
37580
36784
18340
35186
421612
37291
35125
18408
430931
35114
37911
37865
17587
37675
17763
16061
15841
18213
430932
35045
37587
37589
37098
35079
523521
17676
37307
18397
37916
37878
36172
7512
17908
17329
18134
37474
37078
17938
17058
17649
36969
35056
37910
18339
17555
37397
17659
18405
15749
17622
35145
35124
35100
18196
37076
17773
18064
18646
18462
37413
37319
18203
37442
17910
37612
521001
35067
630252
521002
630251
37664
7600
